an
7	8815
8	10753
10	22864
11	22323
12	20162
13	20041
14	22163
15	29016
16	40652
Max:	16	40652
mois
1	15947
2	13793
3	15887
4	16586
5	17803
6	18736
7	18099
8	15703
9	17587
10	16900
11	15226
12	14522
Max:	6	18736
lum
1	136709
2	12370
3	19239
4	1574
5	26897
Max:	1	136709
int
0	5
1	142774
2	21565
3	16971
4	2636
5	1228
6	7419
7	1324
8	232
9	2635
Max:	1	142774
atm
0	3
1	158527
2	19544
3	4644
4	1152
5	1751
6	561
7	2672
8	6607
9	1328
Max:	1	158527
col
1	24266
2	20939
3	53766
4	5366
5	6718
6	63840
7	21894
Max:	6	63840
catr
1	13421
2	11078
3	86281
4	80901
5	330
6	1508
9	3270
Max:	3	86281
circ
0	11675
1	24498
2	136278
3	23354
4	984
Max:	2	136278
vosp
0	186031
1	3613
2	2775
3	4370
Max:	0	186031
prof
0	17117
1	143090
2	29636
3	4009
4	2937
Max:	1	143090
plan
0	12907
1	143822
2	19579
3	17445
4	3036
Max:	1	143822
lartpc
0	169232
1	61
2	70
3	68
4	68
5	498
6	185
7	142
8	263
9	89
10	3177
11	140
12	263
13	118
14	108
15	5902
16	137
17	96
18	156
19	97
20	3086
21	123
22	109
23	127
24	230
25	1111
26	134
27	85
28	170
29	60
30	1964
31	71
32	116
33	75
34	89
35	640
36	102
37	52
38	76
39	39
40	631
41	52
42	54
43	53
44	42
45	147
46	44
47	48
48	54
49	26
50	673
51	37
52	67
53	53
54	77
55	125
56	74
57	65
58	78
59	49
60	1035
61	84
62	120
63	80
64	90
65	184
66	54
67	62
68	92
69	58
70	604
71	65
72	93
73	53
74	54
75	134
76	44
77	28
78	38
79	21
80	299
81	17
82	29
83	13
84	20
85	26
86	13
87	10
88	13
89	9
90	130
91	11
92	14
93	6
94	16
95	17
96	10
97	11
98	9
99	4
100	329
101	4
102	13
103	9
104	13
105	35
106	9
107	10
108	10
109	8
110	53
111	4
112	9
113	5
114	10
115	12
116	9
117	6
118	4
119	3
120	134
121	7
122	1
123	3
124	3
125	8
126	6
127	3
128	6
129	1
130	25
132	5
133	3
134	6
135	7
136	3
137	3
138	1
139	2
140	35
141	1
142	2
144	3
145	6
146	3
147	2
149	1
150	103
151	1
154	4
155	2
156	1
157	1
158	2
160	22
161	1
162	2
163	2
164	1
166	1
167	1
170	13
172	3
175	3
176	1
177	1
180	18
182	3
183	2
184	1
185	6
186	2
188	2
190	6
191	1
193	2
194	1
195	2
196	1
200	86
201	2
205	1
206	1
210	5
213	1
214	1
215	1
216	1
218	1
220	7
225	3
226	1
228	1
230	5
238	1
240	6
248	1
250	13
254	1
255	1
258	1
260	2
261	1
265	1
270	5
280	4
282	2
288	1
294	4
296	1
300	25
302	2
310	1
313	2
320	5
330	1
332	1
337	1
339	1
340	5
350	7
356	1
360	2
364	4
375	1
380	4
382	1
390	2
400	9
410	1
420	1
425	1
430	1
431	1
460	1
480	1
487	1
490	1
500	10
507	4
510	1
530	1
540	1
550	1
555	1
560	1
580	2
600	4
603	1
610	1
630	1
640	1
650	3
670	1
690	1
700	1
707	1
800	5
811	1
814	1
840	1
900	1
907	1
915	1
Max:	0	169232
larrout
0	67266
1	18
2	2
3	8
4	27
5	43
6	118
7	77
8	27
9	13
10	162
11	9
12	17
13	12
14	12
15	70
16	3
17	11
18	11
19	5
20	247
21	25
22	24
23	39
24	38
25	597
26	70
27	94
28	175
29	105
30	2485
31	233
32	352
33	247
34	285
35	2199
36	390
37	291
38	352
39	204
40	2614
41	331
42	503
43	384
44	357
45	1250
46	497
47	476
48	661
49	417
50	5527
51	659
52	974
53	887
54	929
55	1998
56	1188
57	1068
58	1561
59	1059
60	16050
61	1504
62	2092
63	1619
64	1641
65	3251
66	1399
67	1220
68	1835
69	1046
70	13583
71	1338
72	2165
73	1382
74	1297
75	2725
76	1081
77	715
78	981
79	481
80	4948
81	371
82	468
83	291
84	392
85	650
86	364
87	279
88	366
89	255
90	2991
91	261
92	299
93	250
94	275
95	513
96	264
97	219
98	261
99	208
100	3228
101	149
102	266
103	193
104	227
105	2839
106	235
107	198
108	280
109	128
110	1017
111	109
112	181
113	128
114	135
115	244
116	145
117	104
118	147
119	101
120	2990
121	70
122	109
123	72
124	107
125	282
126	79
127	74
128	99
129	45
130	552
131	26
132	66
133	37
134	72
135	369
136	63
137	44
138	62
139	40
140	3194
141	43
142	74
143	46
144	262
145	87
146	53
147	37
148	54
149	23
150	1017
151	27
152	47
153	27
154	34
155	61
156	31
157	21
158	33
159	19
160	443
161	15
162	23
163	18
164	21
165	63
166	21
167	15
168	21
169	7
170	181
171	10
172	16
173	18
174	17
175	292
176	18
177	11
178	18
179	10
180	443
181	10
182	11
183	10
184	15
185	26
186	13
187	11
188	5
189	6
190	129
191	6
192	11
193	6
194	16
195	31
196	9
197	3
198	8
199	7
200	425
201	3
202	2
203	3
204	8
205	18
206	7
207	4
208	5
209	3
210	1181
211	2
212	5
213	3
214	6
215	26
216	60
217	4
218	5
219	5
220	81
221	1
222	7
223	3
224	6
225	16
226	1
227	1
228	4
229	2
230	41
231	2
232	2
233	2
234	4
235	4
236	3
237	4
238	1
239	1
240	80
241	1
242	3
245	21
246	2
247	4
248	1
249	1
250	76
252	7
253	2
255	5
256	2
257	2
258	2
259	1
260	44
262	1
263	3
265	3
267	2
268	1
269	2
270	116
274	1
275	3
276	4
277	4
280	134
281	1
282	1
285	3
288	1
290	10
291	1
292	1
294	2
295	3
296	1
300	75
305	2
310	10
311	1
315	7
317	1
318	1
320	13
323	2
325	2
327	1
330	8
334	1
340	37
345	2
347	1
350	44
353	1
355	2
360	5
365	7
370	4
373	1
375	2
380	5
382	1
383	1
384	1
385	2
390	6
395	2
400	20
404	1
405	1
410	3
415	1
420	5
423	1
425	2
430	6
435	1
440	4
445	1
450	4
455	1
465	1
470	3
475	1
480	5
485	2
486	1
490	2
500	32
509	1
510	17
511	1
515	3
520	6
523	1
530	7
535	1
540	2
545	2
550	14
555	2
560	17
563	1
570	12
575	1
580	10
585	1
588	1
590	5
595	1
600	36
602	1
609	1
610	7
614	1
615	4
620	5
625	1
630	5
635	1
640	10
645	1
650	21
657	1
660	5
670	5
675	1
680	7
685	1
690	6
700	31
705	1
710	8
715	3
720	12
730	4
733	2
735	1
740	4
745	1
750	11
755	1
760	6
770	4
775	1
780	4
785	1
790	3
795	1
800	9
810	5
815	2
820	2
825	2
830	1
840	2
850	2
866	1
880	2
890	1
900	8
910	4
916	1
920	1
925	1
930	2
945	1
950	1
960	2
970	1
990	3
999	2
Max:	0	67266
surf
0	7362
1	151605
2	33814
3	225
4	68
5	589
6	148
7	1342
8	453
9	1183
Max:	1	151605
infra
0	173874
1	1369
2	2679
3	2608
4	650
5	14146
6	1336
7	127
Max:	0	173874
situ
0	11447
1	163444
2	1105
3	16169
4	3612
5	1012
Max:	1	163444
env1
0	101521
3	9705
99	85563
Max:	0	101521
